0_Parade_Parade_0_960
9
663.6434 327.1956 39.0084 39.0084 1.1218
160.5000 336.5000 128.0000 128.0000 1.0985
449.7390 565.6716 57.9663 57.9663 1.0355
848.5000 324.5000 32.0000 32.0000 1.0216
752.5000 416.5000 32.0000 32.0000 1.0105
783.0452 406.2642 231.8653 231.8653 1.0008
351.5759 605.1308 156.0338 156.0338 0.9875
167.1532 456.9847 57.9663 57.9663 0.9725
868.5000 308.5000 32.0000 32.0000 0.9603
61_Street_Battle_streetfight_61_936
7
740.5000 364.5000 32.0000 32.0000 1.2072
873.3138 424.7168 39.0084 39.0084 1.1642
990.3391 117.5253 39.0084 39.0084 1.0424
1016.5000 356.5000 32.0000 32.0000 1.0406
424.5000 392.5000 32.0000 32.0000 1.0233
961.0828 88.2690 39.0084 39.0084 0.9932
536.5000 336.5000 32.0000 32.0000 0.9431
9_Press_Conference_Press_Conference_9_945
6
908.5000 844.5000 32.0000 32.0000 0.8446
956.5000 392.5000 32.0000 32.0000 0.8281
496.5000 88.5000 32.0000 32.0000 0.7690
522.1968 754.0621 231.8653 231.8653 0.7655
998.0278 1549.2932 105.0029 105.0029 0.7611
980.5000 1384.5000 32.0000 32.0000 0.7422
8_Election_Campain_Election_Campaign_8_620
4
919.1025 424.4704 282.6469 282.6469 1.2113
536.5000 804.5000 32.0000 32.0000 1.0786
459.8012 777.7790 282.6469 282.6469 0.9907
861.8761 818.8073 344.5504 344.5504 0.9138
7_Cheering_Cheering_7_884
8
880.2086 273.9229 47.5518 47.5518 0.9591
523.5700 244.2031 47.5518 47.5518 0.9576
60.5000 180.5000 32.0000 32.0000 0.9173
660.5000 56.5000 32.0000 32.0000 0.8970
936.7025 536.8660 39.0084 39.0084 0.8716
752.5000 568.5000 32.0000 32.0000 0.8508
224.5000 464.5000 32.0000 32.0000 0.8417
357.1386 327.4187 47.5518 47.5518 0.8317
6_Funeral_Funeral_6_1029
8
891.7321 167.1532 57.9663 57.9663 1.1238
372.5000 1036.5000 32.0000 32.0000 1.0229
262.0350 755.3851 47.5518 47.5518 1.0213
190.6661 766.0406 39.0084 39.0084 0.9802
1016.5000 228.5000 32.0000 32.0000 0.9790
52.5000 352.5000 32.0000 32.0000 0.9607
497.8576 1195.1334 39.0084 39.0084 0.9430
922.0743 1292.6544 39.0084 39.0084 0.9418
5_Car_Accident_Car_Crash_5_868
8
356.5000 240.5000 32.0000 32.0000 1.2220
841.0115 355.5437 57.9663 57.9663 1.1367
780.6688 410.0886 39.0084 39.0084 1.0509
903.9846 321.4748 47.5518 47.5518 1.0135
646.5321 258.9128 86.1376 86.1376 0.9132
826.5200 290.3316 57.9663 57.9663 0.9086
1008.5000 288.5000 128.0000 128.0000 0.8942
480.5000 140.5000 32.0000 32.0000 0.8898
4_Dancing_Dancing_4_1043
9
436.5000 452.5000 32.0000 32.0000 1.0466
254.0548 122.4014 39.0084 39.0084 1.0154
307.6914 239.4267 39.0084 39.0084 0.9881
52.5000 484.5000 32.0000 32.0000 0.9748
240.5000 76.5000 32.0000 32.0000 0.9262
618.6736 71.8277 47.5518 47.5518 0.8955
190.7073 71.8277 47.5518 47.5518 0.8885
752.5000 644.5000 32.0000 32.0000 0.8849
216.5000 64.5000 32.0000 32.0000 0.8775
3_Riot_Riot_3_1037
7
848.9335 98.0211 39.0084 39.0084 1.2960
100.5000 560.5000 32.0000 32.0000 1.1744
256.0910 547.3459 47.5518 47.5518 1.1087
658.7674 93.1450 39.0084 39.0084 0.9880
827.3980 486.1385 105.0029 105.0029 0.9476
1008.5000 184.5000 32.0000 32.0000 0.9259
804.5000 212.5000 32.0000 32.0000 0.9209
2_Demonstration_Protesters_2_1033
5
210.5058 158.0044 105.0029 105.0029 1.1795
600.2547 312.5675 39.0084 39.0084 1.0545
392.8025 327.4187 47.5518 47.5518 1.0476
903.9846 83.7157 47.5518 47.5518 0.9925
321.4748 458.1862 47.5518 47.5518 0.9786
